100
1 2 3 4 5 6 7 8 9 10 11 12 13 14 15 16 17 18 19 20 21 22 23 24 25 26 27 28 29 30 31 32 33 34 35 36 37 38 39 40 41 42 43 44 45 46 47 48 49 50 51 52 53 54 55 56 57 58 59 60 61 62 63 64 65 66 67 68 69 70 71 72 73 74 75 76 77 78 79 80 81 82 83 84 85 86 87 88 89 90 91 92 93 94 95 96 97 98 99 100
50
I 5 3 999 998 997
D 10 5
I 0 2 1000 1001
D 3 4
I 50 4 111 112 113 114
D 2 2
I 90 5 55 66 77 88 99
I 3 2 333 444
D 20 3
I 15 3 123 124 125
I 25 2 1111 2222
D 5 1
I 10 2 3000 3001
D 0 1
I 99 1 7000
D 40 5
I 35 3 8 8 8
D 12 2
I 50 2 1 2
I 4 1 5555
D 18 1
I 1 1 9
D 6 3
I 10 3 7 8 9
D 30 4
I 0 5 21 22 23 24 25
I 15 2 909 808
D 9 1
I 7 2 303 404
D 3 1
I 60 2 77 88
D 70 2
I 5 4 1 1 1 1
D 25 3
I 90 3 5 5 5
I 2 2 6 6
D 8 2
I 1 2 7 7
I 0 3 0 0 0
D 11 1
I 15 1 42
D 18 2
I 3 3 9 9 9
D 0 2
I 5 2 55 66
D 6 3
I 10 2 33 44
D 50 4
I 60 3 80 90 100
I 70 2 77 88
D 30 2
I 8 1 1
